27986
27976
28399
27583
28308
28246
27721
27761
28530
27803
28325
28060
27977
27796
27672
28203
27813
27807
27574
27694
28202
27838
27827
28516
27656
28058
28503
28230
28027
28384
27625
27781
27693
27899
27884
27909
27563
27632
27980
27785
28090
28312
28268
28169
27705
27651
27661
28126
27772
28046
28179
28002
27593
28315
27853
27726
28075
28058
27630
27916
27940
27737
28059
28355
27643
27753
27593
27932
28101
28175
27758
27772
27772
28240
27794
28353
28256
28073
27901
27566
28211
27917
27730
28277
27877
27941
28221
28150
27993
28051
27970
27804
28149
27712
27908
27922
28356
27822
28205
27754
28376
28037
27871
27763
27512
28284
27674
27500
28092
28131
27913
27857
28124
28000
27636
28057
28097
27763
28198
28012
27809
27643
28424
28196
27659
27604
27637
28235
28911
28150
